Al2O3
T	Cp	S	-[G-H(Tr)]/T	H-H(Tr)	delta-fH	delta-fG	logKf
100   12.855   4.295   101.23 -9.693 -1668.61   -1641.64  857.506   s
200   51.12   24.88   57.381 -6.5 -1673.38   -1612.66  421.183   s
298.15   79.015   50.95   50.95 0 -1675.69   -1582.28  277.208   s
300   79.416   51.44   50.951 0.147 -1675.72   -1581.7  275.398   s
400   96.086   76.779   54.293 8.995 -1676.34   -1550.23  202.439   s
500   106.131   99.388   61.098 19.145 -1676.05   -1518.72  158.659   s
600   112.545   119.345   69.177 30.101 -1675.3   -1487.32  129.483   s
700   116.926   137.041   77.632 41.586 -1674.39   -1456.06  108.652   s
800   120.135   152.873   86.065 53.447 -1673.5   -1424.93  93.038   s
900   122.662   167.174   94.296 65.591 -1672.74   -1393.91  80.9   s
1000   124.771   180.21   102.245 77.965 -1693.39   -1361.44  71.114   s
1100   126.608   192.189   109.884 90.535 -1692.44   -1328.29  63.075   s
1200   128.252   203.277   117.211 103.28 -1691.37   -1295.23  56.38   s
1300   129.737   213.602   124.233 116.18 -1690.19   -1262.26  50.718   s
1400   131.081   223.267   130.965 129.222 -1688.92   -1229.39  45.869   s
1500   132.29   232.353   137.425 142.392 -1687.56   -1196.62  41.67   s
1600   133.361   240.925   143.628 155.675 -1686.13   -1163.93  37.999   s
1700   134.306   249.039   149.592 169.06 -1684.63   -1131.34  34.762   s
1800   135.143   256.74   155.333 182.533 -1683.08   -1098.84  31.888   s
1900   135.896   264.067   160.864 196.085 -1681.49   -1066.43  29.318   s
2000   136.608   271.056   166.201 209.71 -1679.86   -1034.1  27.008   s
2100   137.319   277.738   171.354 223.407 -1678.19   -1001.85  24.92   s
2200   138.03   284.143   176.336 237.174 -1676.48   -969.681  23.023   s
2300   138.741   290.294   181.158 251.013 -1674.74   -937.593  21.293   s
2327   192.464   353.454   182.434 254.761 0   -928.883  0   s
2327   192.464   353.454   182.434 365.847 0   -928.883  0   l
2400   192.464   353.454   187.307 379.896 0   -909.127  0   l
2500   192.464   353.454   193.796 399.143 0   -882.237  0   l
2600   192.464   361.002   200.083 418.389 -1543.85   -855.629  17.19   l
2700   192.464   368.266   206.179 437.636 -1536.83   -829.292  16.044   l
2800   192.464   375.265   212.093 456.882 -2117.64   -801.279  14.948   l
2900   192.464   382.019   217.837 476.128 -2108.49   -754.429  13.589   l
3000   192.464   388.544   223.419 495.375 -2099.37   -707.892  12.325   l
3100   192.464   394.855   228.848 514.621 -2090.28   -661.658  11.149   l
3200   192.464   400.965   234.132 533.868 -2081.21   -615.719  10.051   l
3300   192.464   406.888   239.277 553.114 -2072.18   -570.063  9.023   l
3400   192.464   412.633   244.292 572.36 -2063.16   -524.679  8.061   l
3500   192.464   418.212   249.182 591.607 -2054.18   -479.561  7.157   l
3600   192.464   423.634   253.953 610.853 -2045.21   -434.699  6.307   l
3700   192.464   428.908   258.61 630.1 -2036.28   -390.086  5.507   l
3800   192.464   434.04   263.16 649.346 -2027.36   -345.712  4.752   l
3900   192.464   439.04   267.606 668.592 -2018.47   -301.574  4.039   l
4000   192.464   443.912   271.953 687.839 -2009.61   -257.664  3.365   l