Al2SiO5
T	Cp	S	-[G-H(Tr)]/T	H-H(Tr)	delta-fH	delta-fG	logKf
100   23.695   8.935   162.808 -15.387 -2584.21   -2539.99  1326.76   s
200   80.977   43.273   93.769 -10.099 -2590.98   -2492.9  651.079   s
298.15   121.751   83.815   83.815 0 -2594.33   -2443.94  428.168   s
300   122.306   84.57   83.817 0.226 -2594.37   -2443  425.365   s
400   148.277   123.509   88.949 13.824 -2595.34   -2392.35  312.409   s
500   165.498   158.566   99.433 29.567 -2594.78   -2341.64  244.63   s
600   176.23   189.745   111.939 46.684 -2593.41   -2291.14  199.461   s
700   183.238   217.463   125.072 64.674 -2591.7   -2240.89  167.217   s
800   188.28   242.271   138.199 83.258 -2589.93   -2190.9  143.051   s
900   192.359   264.685   151.027 102.292 -2588.25   -2141.12  124.267   s
1000   196.213   285.154   163.431 121.723 -2607.92   -2090  109.17   s
1100   199.761   304.023   175.366 141.523 -2605.9   -2038.3  96.791   s
1200   203.167   321.554   186.826 161.673 -2603.67   -1986.8  86.483   s
1300   206.1   337.933   197.827 182.138 -2601.25   -1935.49  77.769   s
1400   208.861   353.308   208.389 202.887 -2598.67   -1884.38  70.307   s
1500   211.451   367.806   218.538 223.902 -2595.93   -1833.45  63.846   s
1600   214.129   381.538   228.3 245.181 -2593.04   -1782.71  58.2   s
1700   216.727   394.598   237.701 266.724 -2640.16   -1731.71  53.209   s
1800   219.302   407.059   246.766 288.526 -2636.72   -1678.37  48.705   s
1900   221.853   418.984   255.519 310.584 -2633.08   -1625.23  44.681   s
2000   224.38   430.428   263.98 332.896 -2629.24   -1572.28  41.064   s
2100   226.855   441.436   272.17 355.458 -2625.21   -1519.53  37.796   s
2200   229.321   452.046   280.107 378.267 -2620.99   -1466.98  34.831   s
2300   231.776   462.294   287.806 401.322 -2616.59   -1414.62  32.127   s
2400   234.221   472.21   295.284 424.622 -2611.99   -1362.46  29.653   s
2500   236.655   481.821   302.554 448.165 -2607.2   -1310.5  27.381   s
2600   239.079   491.15   309.63 471.952 -2602.22   -1258.72  25.288   s
2700   241.493   500.218   316.521 495.981 -2597.06   -1207.15  23.354   s
2800   243.896   509.044   323.24 520.251 -3179.51   -1153.83  21.525   s
2900   246.289   517.644   329.796 544.76 -3171.77   -1081.62  19.482   s
3000   248.672   526.034   336.198 569.508 -3163.84   -1009.68  17.58   s