Al6Si2O13
T	Cp	S	-[G-H(Tr)]/T	H-H(Tr)	delta-fH	delta-fG	logKf
298.15   326.13   275   0 275 -6819.2   -6441.8  1128.55   s
300   327.73   277.02   2.02 275.01 -6819.3   -6439.4  1121.18   s
400   392.44   381.04   92.29 288.75 -6821.5   -6312.3  824.29   s
500   431.98   473.17   156.55 316.62 -6820.4   -6185.1  646.14   s
600   458.88   554.45   204.83 349.62 -6817.5   -6058.3  527.41   s
700   478.4   626.72   242.59 384.14 -6813.7   -5932.1  442.65   s
800   493.16   691.61   273.03 418.59 -6809.8   -5806.4  379.11   s
900   504.65   750.39   298.15 452.24 -6806   -5681.2  329.72   s
1000   513.76   804.05   319.27 484.78 -6866.2   -5552  290   s
1100   521.1   853.37   337.3 516.07 -6861.6   -5420.8  257.4   s
1200   527.05   898.98   352.87 546.11 -6856.7   -5290  230.26   s
1300   531.91   941.36   366.46 574.9 -6851.4   -5159.5  207.31   s
1400   535.88   980.93   378.43 602.51 -6846.3   -5029.8  187.66   s
1500   539.13   1018.02   389.04 628.98 -6840.9   -4900.2  170.64   s
1600   541.76   1052.9   398.5 654.4 -6835.6   -4771  155.75   s
1700   543.88   1085.81   406.99 678.82 -6930.5   -4641  142.6   s
1800   545.56   1116.95   414.65 702.3 -6924.8   -4506.7  130.78   s