Ca2Al2SiO7
T	Cp	S	-[G-H(Tr)]/T	H-H(Tr)	delta-fH	delta-fG	logKf
298.15   206.4   210.1   0 210.1 -3985   -3785.5  663.19   s
300   207.12   211.38   1.28 210.1 -3985   -3784.3  658.88   s
400   236.74   275.39   56.76 218.63 -3985.5   -3717.2  485.41   s
500   255.45   330.37   94.75 235.62 -3984.6   -3650.2  381.33   s
600   268.56   378.16   122.69 255.48 -3983.2   -3583.5  311.96   s
700   278.34   420.33   144.25 276.08 -3981.6   -3517  262.44   s
800   285.95   458.01   161.51 296.5 -3981.9   -3450.5  225.29   s
900   292.04   492.06   175.69 316.37 -3980.8   -3384.2  196.41   s
1000   297.04   523.09   187.58 335.52 -4001.6   -3316.4  173.23   s
1100   301.21   551.61   197.73 353.88 -4001.2   -3247.9  154.23   s
1200   304.73   577.97   206.5 371.47 -4016.6   -3178.2  138.34   s
1300   307.74   602.48   214.17 388.31 -4014.6   -3108.3  124.89   s
1400   310.33   625.39   220.95 404.43 -4012.6   -3038.8  113.38   s
1500   312.57   646.88   226.99 419.89 -4010.3   -2969.3  103.4   s
1600   314.53   667.11   232.4 434.71 -4008.1   -2900  94.67   s
1700   316.24   686.23   237.28 448.95 -4055.9   -2830.3  86.96   s
1800   317.74   704.35   241.71 462.64 -4350.6   -2753.9  79.91   s