Ca2MgSi2O7
T	Cp	S	-[G-H(Tr)]/T	H-H(Tr)	delta-fH	delta-fG	logKf
298.15   214.1   212.5   0 212.5 -3864.8   -3667.5  642.52   s
300   214.79   213.83   1.32 212.5 -3864.8   -3666.3  638.35   s
400   239.88   281.42   58.23 223.19 -3864.4   -3600.9  470.22   s
500   253.6   336.53   96.03 240.5 -3863.1   -3535.2  369.31   s
600   263.63   383.69   123.16 260.53 -3861.7   -3469.8  302.06   s
700   272.19   424.98   143.85 281.13 -3860.3   -3404.6  254.05   s
800   280   461.84   160.38 301.46 -3860.8   -3339.3  218.03   s
900   287.32   495.25   174.08 321.16 -3859.7   -3274.2  190.03   s
1000   294.24   525.88   185.76 340.12 -3867.4   -3208.5  167.59   s
1100   300.75   554.23   195.92 358.32 -3866.9   -3142.6  149.23   s
1200   306.85   580.67   204.91 375.76 -3882.1   -3075.6  133.87   s
1300   312.52   605.46   212.97 392.48 -3879.6   -3008.5  120.88   s
1400   317.73   628.81   220.27 408.54 -4004.1   -2938.5  109.63   s
1500   322.45   650.84   226.93 423.96 -3999.6   -2862.5  99.68   s
1600   326.68   671.84   233.03 438.81 -3994.8   -2786.8  90.98   s
1700   330.38   691.76   238.65 453.11 -4090.1   -2710.5  83.28   s
1800   382   784.6   315.23 469.37 -4253.3   -2629.6  76.31   s