Ca2SiO4
T	Cp	S	-[G-H(Tr)]/T	H-H(Tr)	delta-fH	delta-fG	logKf
298.15   128.59   127.6   0 469.37 -4253.3   -2629.6  76.31   s
300   128.97   128.4   0.79 127.6 -2306.7   -2190.5  381.39   s
400   145.2   167.89   35.02 132.88 -2306.3   -2151.8  280.99   s
500   156.15   201.54   58.21 143.33 -2305.1   -2113.3  220.77   s
600   164.18   230.76   75.24 155.52 -2303.6   -2075.1  180.65   s
700   170.37   256.55   88.4 168.15 -2302.1   -2037.1  152.01   s
800   175.34   279.63   98.97 180.66 -2302.4   -1999.2  130.53   s
900   179.44   300.53   107.69 192.84 -2301.1   -1961.4  113.83   s
1000   180.66   319.64   115.05 204.59 -2300.1   -1923.7  100.48   s
1100   185.28   337.21   121.35 215.86 -2299.6   -1886.1  89.56   s
1200   189.89   353.5   126.84 226.66 -2315   -1847.2  80.41   s
1300   194.5   368.67   131.66 237.01 -2313   -1808.3  72.66   s
1400   199.11   382.87   135.95 246.92 -2310.8   -1769.6  66.02   s
1500   203.72   396.23   139.79 256.44 -2308.6   -1731  60.28   s
1600   208.33   408.83   143.26 265.57 -2306.3   -1692.6  55.26   s
1700   212.94   420.76   146.41 274.35 -2354.1   -1653.8  50.81   s
1800   205.02   444.84   160.6 284.24 -2628.4   -1610.9  46.75   s