Ca3Al2Si3O12
T	Cp	S	-[G-H(Tr)]/T	H-H(Tr)	delta-fH	delta-fG	logKf
298.15   330.22   260.12   260.12 0 -6640   -6278.5  1099.94   s
300   331.57   262.17   260.13 2.04 -6640.1   -6276.2  1092.77   s
400   389.7   366.16   273.91 92.25 -6640.8   -6154.7  803.71   s
500   425.8   457.32   301.68 155.64 -6638.6   -6033.4  630.29   s
600   448.43   537.11   334.41 202.69 -6635.3   -5912.7  514.73   s
700   463.3   607.42   368.49 238.93 -6631.6   -5792.6  432.24   s
800   474.02   670.02   402.34 267.67 -6630.9   -5672.6  370.37   s
900   482.99   726.37   435.27 291.11 -6628   -5553  322.28   s
1000   491.81   777.71   466.98 310.73 -6647.1   -5432.2  283.74   s
1100   501.62   825.04   497.41 327.63 -6645.2   -5310.8  252.18   s
1200   513.24   869.17   526.57 342.6 -6666.7   -5187.7  225.81   s