Ca3MgSi2O8
T	Cp	S	-[G-H(Tr)]/T	H-H(Tr)	delta-fH	delta-fG	logKf
298.15   252.36   253.1   0 253.1 -4536.2   -4307.7  754.67   s
300   253.18   254.66   1.56 253.1 -4536.2   -4306.2  749.77   s
400   286.77   332.55   69.05 263.5 -4535.6   -4229.6  552.32   s
500   306.89   398.87   114.76 284.11 -4533.6   -4153.3  433.89   s
600   320.06   456.07   147.95 308.12 -4531.2   -4077.5  354.97   s
700   329.37   506.14   173.24 332.9 -4528.9   -4002.1  298.63   s
800   336.54   550.61   193.22 357.39 -4529.6   -3926.6  256.38   s
900   342.58   590.6   209.49 381.12 -4528.1   -3851.4  223.52   s
1000   348.15   626.99   223.08 403.91 -4535.9   -3775.5  197.21   s
1100   353.67   660.43   234.7 425.73 -4535.9   -3699.5  175.67   s
1200   359.46   691.45   244.85 446.6 -4559.8   -3621.6  157.64   s
1300   365.75   720.46   253.9 466.56 -4557.3   -3543.5  142.38   s
1400   372.69   747.82   262.14 485.68 -4681.7   -3462.5  129.18   s
1500   380.42   773.79   269.76 504.03 -4676.9   -3375.5  117.54   s
1600   389.04   798.61   276.94 521.67 -4671.4   -3288.9  107.37   s