CaAl2Si2O8
T	Cp	S	-[G-H(Tr)]/T	H-H(Tr)	delta-fH	delta-fG	logKf
298.15   211.34   199.3   0 199.3 -4234   -4007.9  702.15   s
300   212.23   200.61   1.31 199.3 -4234   -4006.5  697.57   s
400   248.25   267.09   58.96 208.12 -4234.6   -3930.5  513.25   s
500   270.17   325.01   99.17 225.84 -4233.4   -3854.5  402.67   s
600   285.13   375.67   128.98 246.68 -4231.4   -3778.9  328.98   s
700   296.26   420.49   152.12 268.37 -4229.1   -3703.7  276.37   s
800   305.17   460.65   170.71 289.94 -4227.5   -3628.7  236.93   s
900   312.78   497.04   186.08 310.96 -4225.2   -3554  206.27   s
1000   319.67   530.36   199.1 331.26 -4244.3   -3478.1  181.67   s
1100   326.21   561.13   210.36 350.78 -4241.8   -3401.6  161.52   s
1200   332.67   589.8   220.28 369.51 -4246.9   -3324.7  144.72   s
1300   339.23   616.68   229.18 387.5 -4243   -3248  130.5   s
1400   346.03   642.07   237.28 404.79 -4238.6   -3171.7  118.33   s
1500   353.18   666.18   244.77 421.42 -4233.8   -3095.6  107.79   s
1600   360.75   689.22   251.78 437.44 -4228.4   -3019.9  98.59   s
1700   368.81   711.33   258.42 452.9 -4322.7   -2943.6  90.44   s
1800   377.41   732.65   264.79 467.86 -4464.2   -2860.5  83.01   s