CaAl2SiO6
T	Cp	S	-[G-H(Tr)]/T	H-H(Tr)	delta-fH	delta-fG	logKf
298.15   164.97   141   0 141 -3306.3   -3129.6  548.27   s
300   165.63   142.02   1.02 141 -3306.3   -3128.5  544.7   s
400   194.1   193.89   46.01 147.88 -3306.9   -3069  400.77   s
500   212.57   239.32   77.59 161.73 -3306   -3009.7  314.41   s
600   225.29   279.27   101.21 178.06 -3304.3   -2950.5  256.86   s
700   234.43   314.72   119.62 195.1 -3302.4   -2891.7  215.78   s
800   241.23   346.49   134.42 212.07 -3301.3   -2833.1  184.98   s
900   246.45   375.22   146.59 228.63 -3299.5   -2774.7  161.04   s
1000   250.58   401.4   156.79 244.61 -3319.2   -2715  141.81   s