CaMgSi2O6
T	Cp	S	-[G-H(Tr)]/T	H-H(Tr)	delta-fH	delta-fG	logKf
298.15   166.78   142.7   0 142.7 -3201.5   -3026.8  530.27   s
300   167.46   143.73   1.03 142.7 -3201.5   -3025.7  526.81   s
400   195.68   196.12   46.47 149.65 -3201.6   -2967.1  387.45   s
500   213.25   241.81   78.19 163.62 -3200.2   -2908.6  303.85   s
600   224.98   281.8   101.74 180.06 -3198.2   -2850.4  248.14   s
700   233.19   317.13   119.97 197.17 -3196   -2792.6  208.38   s
800   239.21   348.68   134.51 214.17 -3194.6   -2735  178.58   s
900   243.8   377.13   146.41 230.72 -3192.4   -2677.7  155.41   s
1000   247.47   403.02   156.34 246.68 -3199.1   -2619.9  136.85   s
1100   250.57   426.75   164.77 261.98 -3197.6   -2562.1  121.66   s
1200   253.33   448.67   172.03 276.64 -3204   -2503.8  108.98   s
1300   255.94   469.05   178.39 290.66 -3201.7   -2445.5  98.26   s
1400   258.51   488.11   184.02 304.09 -3326.7   -2384.3  88.96   s
1500   261.16   506.04   189.07 316.97 -3322.9   -2317.1  80.69   s
1600   263.96   522.98   193.67 329.32 -3319   -2250.2  73.46   s