CaMgSiO4
T	Cp	S	-[G-H(Tr)]/T	H-H(Tr)	delta-fH	delta-fG	logKf
298.15   123   108.1   0 108.1 -2251   -2132.8  373.64   s
300   123.46   108.86   0.76 108.1 -2251   -2132  371.21   s
400   141.9   147.16   33.96 113.2 -2250.9   -2092.3  273.23   s
500   153.07   180.11   56.75 123.37 -2249.9   -2052.8  214.45   s
600   160.69   208.73   73.47 135.26 -2248.6   -2013.5  175.29   s
700   166.26   233.94   86.35 147.6 -2247.3   -1974.4  147.33   s
800   170.53   256.44   96.61 159.82 -2246.8   -1935.4  126.37   s
900   173.91   276.72   105.02 171.7 -2245.6   -1896.6  110.07   s
1000   176.64   295.19   112.05 183.14 -2253.2   -1857.2  97.01   s
1100   178.88   312.14   118.03 194.11 -2252.7   -1817.6  86.31   s