CaO
T	Cp	S	-[G-H(Tr)]/T	H-H(Tr)	delta-fH	delta-fG	logKf
100   14.715   6.222   69.166 -6.294 -633.739   -624.099  325.996   s
200   33.677   23.041   41.825 -3.757 -634.925   -613.887  160.331   s
298.15   42.12   38.212   38.212 0 -635.089   -603.501  105.731   s
300   42.242   38.473   38.213 0.078 -635.086   -603.305  105.045   s
400   46.626   51.3   39.932 4.547 -634.738   -592.755  77.406   s
500   48.982   61.98   43.305 9.338 -634.242   -582.316  60.834   s
600   50.48   71.052   47.193 14.315 -633.787   -571.975  49.795   s
700   51.555   78.917   51.175 19.419 -633.449   -561.701  41.915   s
800   52.4   85.858   55.085 24.618 -634.112   -551.362  36   s
900   53.112   92.072   58.856 29.894 -634.064   -541.024  31.4   s
1000   53.735   97.7   62.463 35.237 -634.273   -530.677  27.72   s
1100   54.3   102.849   65.904 40.639 -634.749   -520.297  24.707   s
1200   54.831   107.596   69.183 46.096 -643.226   -509.239  22.167   s
1300   55.329   112.005   72.309 51.604 -643.009   -498.082  20.013   s
1400   55.81   116.123   75.293 57.161 -642.759   -486.943  18.168   s
1500   56.275   119.989   78.146 62.766 -642.475   -475.823  16.57   s
1600   56.727   123.636   80.876 68.416 -642.159   -464.723  15.172   s
1700   57.174   127.088   83.494 74.111 -641.81   -453.644  13.939   s
1800   57.609   130.369   86.007 79.85 -790.102   -440.375  12.779   s
1900   58.045   133.495   88.425 85.633 -788.275   -420.996  11.574   s
2000   58.471   136.483   90.754 91.459 -786.423   -401.713  10.492   s
2100   58.894   139.346   93 97.327 -784.547   -382.523  9.515   s
2200   59.317   142.096   95.17 103.238 -782.651   -363.423  8.629   s
2300   59.735   144.742   97.268 109.19 -780.739   -344.411  7.822   s
2400   60.149   147.293   99.299 115.184 -778.816   -325.481  7.084   s
2500   60.563   149.757   101.269 121.22 -776.887   -306.632  6.407   s
2600   60.978   152.14   103.18 127.297 -774.958   -287.86  5.783   s
2700   61.388   154.449   105.036 133.415 -773.036   -269.161  5.207   s
2800   61.798   156.689   106.841 139.575 -771.126   -250.534  4.674   s
2900   62.208   158.865   108.597 145.775 -769.238   -231.976  4.178   s
3000   62.618   160.981   110.308 152.016 -767.378   -213.481  3.717   s
3100   63.024   163.04   111.976 158.298 -765.554   -195.048  3.287   s
3200   63.434   165.048   113.604 164.621 -763.774   -176.673  2.884   s
3200   62.76   193.695   113.604 164.621 0   -176.673  0   s
3200   62.76   193.695   113.604 244.117 0   -176.673  0   l
3300   62.76   193.695   115.945 250.393 0   -160.836  0   l
3400   62.76   193.695   118.204 256.669 0   -145.047  0   l
3500   62.76   195.514   120.387 262.945 -679.668   -129.302  1.93   l
3600   62.76   197.282   122.499 269.221 -678.352   -113.596  1.648   l
3700   62.76   199.002   124.543 275.497 -677.158   -97.925  1.382   l
3800   62.76   200.676   126.525 281.773 -676.092   -82.285  1.131   l
3900   62.76   202.306   128.447 288.049 -675.16   -66.67  0.893   l
4000   62.76   203.895   130.313 294.325 -674.364   -51.079  0.667   l
4100   62.76   205.444   132.127 300.601 -673.711   -35.505  0.452   l
4200   62.76   206.957   133.891 306.877 -673.202   -19.946  0.248   l
4300   62.76   208.434   135.607 313.153 -672.84   -4.396  0.053   l
4400   62.76   209.876   137.279 319.429 -672.622   11.146  -0.132   l