CaSiO3
T	Cp	S	-[G-H(Tr)]/T	H-H(Tr)	delta-fH	delta-fG	logKf
298.15   86.19   81.69   0 81.69 -1634.8   -1549  271.37   s
300   86.5   82.22   0.53 81.69 -1634.8   -1548.5  269.61   s
400   99.33   109.02   23.77 85.26 -1634.7   -1519.7  198.45   s
500   107.4   132.12   39.74 92.38 -1633.9   -1491  155.76   s
600   112.94   152.22   51.5 100.71 -1633   -1462.5  127.32   s
700   116.96   169.94   60.58 109.36 -1631.9   -1434.2  107.02   s
800   120.02   185.77   67.83 117.94 -1631.8   -1405.9  91.8   s
900   122.44   200.05   73.77 126.28 -1630.9   -1377.8  79.96   s
1000   124.42   213.06   78.74 134.32 -1630.1   -1349.7  70.5   s
1100   126.11   225   82.97 142.03 -1629.6   -1321.7  62.76   s
1200   127.6   236.03   86.63 149.41 -1637.1   -1293.1  56.28   s
1300   128.95   246.3   89.83 156.47 -1635.9   -1264.4  50.8   s
1400   130.22   255.9   92.67 163.23 -1634.7   -1235.9  46.11   s