Fe(s)
T	Cp	S	-[G-H(Tr)]/T	H-H(Tr)	delta-fH	delta-fG	logKf
100   12.101   6.065   46.905 -4.084 0   0  0   s
200   21.588   17.949   29.524 -2.315 0   0  0   s
298.15   25.094   27.321   27.321 0 0   0  0   s
300   25.14   27.476   27.321 0.046 0   0  0   s
400   27.386   35.021   28.335 2.674 0   0  0   s
500   29.702   41.377   30.323 5.527 0   0  0   s
600   32.049   46.997   32.642 8.613 0   0  0   s
700   34.602   52.119   35.063 11.939 0   0  0   s
800   37.949   56.94   37.498 15.553 0   0  0   s
900   43.095   61.679   39.922 19.582 0   0  0   s
1000   54.434   66.672   42.342 24.329 0   0  0   s
1100   46.401   72.062   44.815 29.972 0   0  0   s
1184   34.853   79.231   46.865 33.619 0   0  0   s
1184   34.853   79.231   46.865 34.519 0   0  0   s
1200   34.853   79.231   47.257 35.062 0   0  0   s
1300   34.853   79.231   49.612 38.505 0   0  0   s
1400   35.69   81.845   51.822 42.033 0   0  0   s
1500   36.526   84.336   53.907 45.643 0   0  0   s
1600   37.363   86.72   55.884 49.338 0   0  0   s
1665   42.468   91.978   57.117 51.784 0   0  0   s
1665   42.468   91.978   57.117 52.621 0   0  0   s
1700   42.468   91.978   57.776 54.066 0   0  0   s
1800   42.468   91.978   59.61 58.263 0   0  0   s
1809   46.024   104.442   59.772 58.645 0   0  0   s
1809   46.024   104.442   59.772 72.452 0   0  0   l
1900   46.024   104.442   61.744 76.641 0   0  0   l
2000   46.024   104.442   63.821 81.243 0   0  0   l
2100   46.024   106.688   65.809 85.845 0   0  0   l
2200   46.024   108.829   67.716 90.448 0   0  0   l
2300   46.024   110.875   69.549 95.05 0   0  0   l
2400   46.024   112.833   71.312 99.653 0   0  0   l
2500   46.024   114.712   73.01 104.255 0   0  0   l
2600   46.024   116.517   74.649 108.857 0   0  0   l
2700   46.024   118.254   76.232 113.46 0   0  0   l
2800   46.024   119.928   77.763 118.062 0   0  0   l
2900   46.024   121.543   79.245 122.665 0   0  0   l
3000   46.024   123.103   80.681 127.267 0   0  0   l
3100   46.024   124.613   82.074 131.869 0   0  0   l
3133.34   46.024   125.105   82.529 133.404 0   0  0   l
3200   46.024   126.074   83.426 136.472 348.3   7.424  0.121   l
3300   46.024   127.49   84.74 141.074 -346.399   18.511  -0.293   l
3400   46.024   128.864   86.018 145.677 -344.531   29.541  -0.454   l
3500   46.024   130.198   87.261 150.279 -342.697   40.516  -0.605   l
3600   46.024   131.495   88.472 154.881 -340.896   51.439  -0.746   l
3700   46.024   132.756   89.652 159.484 -339.131   62.313  -0.88   l
3800   46.024   133.983   90.802 164.086 -337.401   73.14  -1.005   l
3900   46.024   135.179   91.925 168.689 -335.707   83.921  -1.124   l
4000   46.024   136.344   93.021 173.291 -334.051   94.66  -1.236   l