Mg2Si
T	Cp	S	-[G-H(Tr)]/T	H-H(Tr)	delta-fH	delta-fG	logKf
298.15   67.864   81.588   81.588 0 -77.822   -77.055  13.5   s
300   67.994   82.008   81.589 0.126 -77.826   -77.05  13.416   s
400   73.764   102.413   84.332 7.232 -77.951   -76.77  10.025   s
500   77.278   119.268   89.683 14.793 -78.002   -76.468  7.989   s
600   79.831   133.589   95.837 22.651 -78.054   -76.157  6.63   s
700   82.006   146.062   102.14 30.745 -78.152   -75.833  5.659   s
800   83.889   157.137   108.335 39.041 -78.342   -75.491  4.929   s
900   85.688   167.122   114.321 47.52 -78.661   -75.117  4.36   s
1000   87.404   176.239   120.064 56.175 -96.329   -73.274  3.827   s
1100   89.077   184.649   125.558 65 -97.022   -70.933  3.368   s
1200   90.667   192.468   130.812 73.987 -97.596   -68.536  2.983   s
1300   92.257   199.788   135.839 83.134 -98.052   -66.095  2.656   s
1375   94.14   275.567   139.47 90.098 0   -62.9795  0   s
1375   94.14   275.567   139.47 175.87 0   -62.9795  0   l
1400   94.14   275.567   141.769 178.223 0   -58.848  0   l
1500   94.14   275.567   150.475 187.637 0   -44.035  0   l
1600   94.14   281.642   158.485 197.051 -262.602   -29.383  0.959   l
1700   94.14   287.349   165.899 206.465 -310.43   -14.432  0.443   l
1800   94.14   292.73   172.797 215.879 -307.893   2.906  -0.084   l
1900   94.14   297.82   179.245 225.293 -305.356   20.104  -0.553   l
2000   94.14   302.649   185.295 234.707 -302.819   37.168  -0.971   l
2100   94.14   307.242   190.994 244.121 -300.282   54.105  -1.346   l
2200   94.14   311.621   196.378 253.535 -297.747   70.921  -1.684   l
2300   94.14   315.806   201.48 262.949 -295.212   87.622  -1.99   l
2400   94.14   319.813   206.328 272.363 -292.679   104.212  -2.268   l
2500   94.14   323.656   210.945 281.777 -290.148   120.697  -2.522   l
2600   94.14   327.348   215.351 291.191 -287.621   137.081  -2.754   l
2700   94.14   330.901   219.566 300.605 -285.098   153.368  -2.967   l
2800   94.14   334.324   223.603 310.019 -282.582   169.562  -3.163   l
2900   94.14   337.628   227.479 319.433 -280.074   185.665  -3.344   l
3000   94.14   340.819   231.204 328.847 -277.576   201.683  -3.512   l
3100   94.14   343.906   234.79 338.261 -275.091   217.617  -3.667   l
3200   94.14   346.895   238.247 347.675 -272.623   233.471  -3.811   l
3300   94.14   349.792   241.583 357.089 -270.173   249.249  -3.945   l
3400   94.14   352.602   244.807 366.503 -267.745   264.952  -4.07   l
3500   94.14   355.331   247.926 375.917 -265.344   280.585  -4.188   l
3600   94.14   357.983   250.947 385.331 -647.124   306.61  -4.449   l
3700   94.14   360.563   253.875 394.745 -644.373   333.065  -4.702   l
3800   94.14   363.073   256.715 404.159 -641.662   359.445  -4.941   l
3900   94.14   365.518   259.474 413.573 -638.996   385.756  -5.167   l
4000   94.14   367.902   262.155 422.987 -636.378   411.998  -5.38   l