Mg2SiO4
T	Cp	S	-[G-H(Tr)]/T	H-H(Tr)	delta-fH	delta-fG	logKf
100   32.317   14.05   176.849 -16.28 -2169.99   -2134.45  1114.92   s
200   86.144   54.162   105.06 -10.18 -2174.91   -2096.76  547.617   s
298.15   118.688   95.14   95.14 0 -2176.93   -2057.88  360.532   s
300   119.148   95.876   95.142 0.22 -2176.95   -2057.14  358.18   s
400   137.557   132.92   100.068 13.141 -2177.21   -2017.13  263.41   s
500   148.695   164.894   109.913 27.491 -2176.59   -1977.17  206.554   s
600   156.431   192.724   121.447 42.767 -2175.54   -1937.38  168.664   s
700   162.31   217.297   133.419 58.715 -2174.29   -1897.79  141.615   s
800   167.063   239.291   145.302 75.191 -2172.97   -1858.38  121.339   s
900   171.088   259.206   156.869 92.104 -2171.67   -1819.13  105.579   s
1000   174.607   277.418   168.026 109.392 -2187.63   -1778.6  92.904   s
1100   177.77   294.21   178.744 127.013 -2186.55   -1737.75  82.519   s
1200   180.665   309.804   189.024 144.936 -2185.28   -1697  73.868   s
1300   183.36   324.372   198.881 163.139 -2183.85   -1656.37  66.554   s
1400   185.895   338.054   208.338 181.602 -2437.07   -1609.52  60.052   s
1500   188.309   350.962   217.42 200.314 -2432.63   -1550.56  53.995   s
1600   190.619   363.19   226.152 219.261 -2428.04   -1491.9  48.706   s
1700   192.845   374.813   234.558 238.434 -2473.49   -1433.09  44.034   s
1800   195.008   385.897   242.66 257.828 -2468.4   -1372.04  39.816   s
1900   197.108   396.497   250.48 277.434 -2463.15   -1311.27  36.049   s
2000   199.163   406.66   258.036 297.248 -2457.74   -1250.79  32.667   s
2100   201.175   416.426   265.348 317.264 -2452.18   -1190.58  29.614   s