MgAl2O4
T	Cp	S	-[G-H(Tr)]/T	H-H(Tr)	delta-fH	delta-fG	logKf
100   22.669   16.757   164.497 -14.774 -2289.86   -2254.52  1177.64   s
200   78.069   49.819   98.221 -9.681 -2296.2   -2216.48  578.885   s
298.15   116.198   88.692   88.692 0 -2299.11   -2176.62  381.335   s
300   116.533   89.412   88.695 0.215 -2299.14   -2175.86  378.851   s
400   137.988   126.244   93.571 13.069 -2299.8   -2134.63  278.754   s
500   149.829   158.409   103.398 27.506 -2299.41   -2093.36  218.692   s
600   157.887   186.474   114.956 42.911 -2298.56   -2052.23  178.663   s
700   164.155   211.299   126.98 59.023 -2297.53   -2011.26  150.082   s
800   169.473   233.573   138.935 75.71 -2296.46   -1970.43  128.656   s
900   174.238   253.814   150.592 92.899 -2295.49   -1929.74  111.999   s
1000   178.657   272.403   161.856 110.546 -2324.45   -1886.91  98.562   s
1100   182.853   289.629   172.698 128.623 -2323.17   -1843.22  87.527   s
1200   186.895   305.713   183.12 147.112 -2321.56   -1799.65  78.337   s
1300   190.828   320.829   193.137 165.999 -2319.62   -1756.24  70.567   s
1400   194.686   335.112   202.773 185.275 -2444.76   -1709.82  63.794   s
1500   198.485   348.674   212.051 204.934 -2440.82   -1657.46  57.718   s
1600   202.238   361.604   220.997 224.97 -2436.54   -1605.37  52.41   s
1700   205.962   373.976   229.635 245.381 -2431.94   -1553.56  47.735   s
1800   209.652   385.853   237.986 266.162 -2427.02   -1502.03  43.588   s
1900   213.325   397.287   246.071 287.311 -2421.78   -1450.79  39.885   s
2000   216.982   408.322   253.909 308.826 -2416.22   -1399.82  36.56   s
2100   220.622   418.997   261.518 330.706 -2410.34   -1349.15  33.558   s
2200   224.254   429.344   268.912 352.95 -2404.14   -1298.76  30.836   s
2300   227.877   439.393   276.107 375.557 -2397.63   -1248.66  28.358   s
2400   231.488   449.167   283.115 398.525 -2390.8   -1198.85  26.092   s
2408   219.66   546.716   283.668 400.378 0   -1194.85  0   s
2408   219.66   546.716   283.668 592.842 0   -1194.85  0   l
2500   219.66   546.716   292.881 613.051 0   -1156.66  0   l
2600   219.66   546.716   302.479 635.017 0   -1115.34  0   l
2700   219.66   555.006   311.679 656.983 -2181.02   -1074.24  20.782   l
2800   219.66   562.995   320.513 678.949 -2763.17   -1031.42  19.241   l
2900   219.66   570.703   329.008 700.915 -2755.37   -969.711  17.466   l
3000   219.66   578.15   337.189 722.881 -2747.61   -908.268  15.814   l
3100   219.66   585.352   345.079 744.847 -2739.9   -847.083  14.273   l
3200   219.66   592.326   352.697 766.813 -2732.24   -786.148  12.833   l
3300   219.66   599.086   360.062 788.779 -2724.62   -725.451  11.483   l
3400   219.66   605.643   367.189 810.745 -2717.04   -664.983  10.216   l
3500   219.66   612.011   374.093 832.711 -2709.51   -604.739  9.025   l
3600   219.66   618.199   380.788 854.677 -2702.03   -544.708  7.904   l
3700   219.66   624.217   387.286 876.643 -2694.6   -484.885  6.845   l
3800   219.66   630.075   393.599 898.609 -2687.22   -425.26  5.846   l
3900   219.66   635.781   399.736 920.575 -2679.89   -365.83  4.9   l
4000   219.66   641.342   405.707 942.541 -2672.62   -306.589  4.004   l