MgO
T	Cp	S	-[G-H(Tr)]/T	H-H(Tr)	delta-fH	delta-fG	logKf
100   7.802   2.548   52.212 -4.966 -598.962   -589.601  307.976   s
200   26.681   14.096   30.037 -3.188 -600.646   -579.488  151.347   s
298.15   37.106   26.924   26.924 0 -601.241   -568.945  99.677   s
300   37.244   27.154   26.925 0.069 -601.245   -568.745  99.027   s
400   42.561   38.678   28.46 4.087 -601.268   -557.898  72.854   s
500   45.544   48.523   31.513 8.505 -601.046   -547.078  57.153   s
600   47.43   57.006   35.072 13.16 -600.738   -536.312  46.69   s
700   48.748   64.42   38.746 17.972 -600.426   -525.6  39.221   s
800   49.74   70.996   42.374 22.898 -600.156   -514.93  33.621   s
900   50.539   76.902   45.888 27.913 -599.962   -504.289  29.268   s
1000   51.208   82.262   49.262 33.001 -608.462   -492.952  25.749   s
1100   51.794   87.171   52.488 38.151 -608.496   -481.399  22.86   s
1200   52.325   91.701   55.569 43.358 -608.495   -469.844  20.452   s
1300   52.81   95.908   58.512 48.615 -608.461   -458.291  18.414   s
1400   53.262   99.839   61.325 53.918 -735.804   -443.575  16.55   s
1500   53.693   103.528   64.017 59.266 -734.355   -422.752  14.722   s
1600   54.107   107.007   66.596 64.656 -732.877   -402.026  13.125   s
1700   54.509   110.299   69.071 70.087 -731.371   -381.394  11.719   s
1800   54.898   113.426   71.449 75.558 -729.837   -360.851  10.472   s
1900   55.278   116.404   73.737 81.067 -728.277   -340.395  9.358   s
2000   55.651   119.249   75.942 86.613 -726.69   -320.021  8.358   s
2100   56.019   121.973   78.07 92.197 -725.079   -299.727  7.455   s
2200   56.379   124.587   80.125 97.816 -723.442   -279.51  6.636   s
2300   56.738   127.101   82.114 103.472 -721.781   -259.368  5.89   s
2400   57.094   129.524   84.039 109.164 -720.097   -239.3  5.208   s
2500   57.445   131.862   85.905 114.891 -718.389   -219.301  4.582   s
2600   57.797   134.121   87.716 120.653 -716.659   -199.372  4.005   s
2700   58.145   136.309   89.476 126.45 -714.906   -179.509  3.473   s
2800   58.491   138.43   91.187 132.282 -713.132   -159.712  2.979   s
2900   58.836   140.489   92.851 138.148 -711.338   -139.979  2.521   s
3000   59.177   142.489   94.473 144.049 -709.524   -120.308  2.095   s
3100   59.516   144.436   96.053 149.987 -707.689   -100.697  1.697   s
3105   66.944   173.673   96.131 150.284 0   -99.7128  0   s
3105   66.944   173.673   96.131 228.107 0   -99.7128  0   l
3200   66.944   173.673   98.342 234.466 0   -83.538  0   l
3300   66.944   173.673   100.594 241.161 0   -66.584  0   l
3400   66.944   175.671   102.773 247.855 -622.235   -49.708  0.764   l
3500   66.944   177.612   104.884 254.55 -619.719   -32.905  0.491   l
3600   66.944   179.498   106.93 261.244 -617.226   -16.174  0.235   l
3700   66.944   181.332   108.916 267.938 -614.757   0.487  -0.007   l
3800   66.944   183.117   110.846 274.633 -612.315   17.083  -0.235   l
3900   66.944   184.856   112.721 281.327 -609.901   33.615  -0.45   l
4000   66.944   186.551   114.546 288.022 -607.518   50.084  -0.654   l
4100   66.944   188.204   116.322 294.716 -605.167   66.495  -0.847   l
4200   66.944   189.817   118.053 301.41 -602.851   82.849  -1.03   l
4300   66.944   191.393   119.74 308.105 -600.572   99.149  -1.204   l
4400   66.944   192.932   121.386 314.799 -598.332   115.395  -1.37   l
4500   66.944   194.436   122.993 321.494 -596.133   131.591  -1.527   l
4600   66.944   195.907   124.562 328.188 -593.978   147.739  -1.678   l
4700   66.944   197.347   126.095 334.882 -591.869   163.84  -1.821   l
4800   66.944   198.756   127.595 341.577 -589.807   179.897  -1.958   l
4900   66.944   200.137   129.061 348.271 -587.796   195.912  -2.088   l
5000   66.944   201.489   130.496 354.966 -585.838   211.886  -2.214   l