MgSiO3
T	Cp	S	-[G-H(Tr)]/T	H-H(Tr)	delta-fH	delta-fG	logKf
100   23.912   11.117   124.42 -11.33 -1544.27   -1518.05  792.95   s
200   59.643   39.43   74.617 -7.037 -1547.53   -1490.41  389.255   s
298.15   81.927   67.768   67.768 0 -1548.92   -1462.02  256.14   s
300   82.228   68.276   67.77 0.152 -1548.93   -1461.48  254.467   s
400   94.194   93.738   71.16 9.031 -1549.18   -1432.28  187.036   s
500   101.512   115.59   77.915 18.838 -1548.91   -1403.07  146.578   s
600   106.997   134.6   85.812 29.273 -1548.36   -1373.95  119.613   s
700   111.621   151.449   94.008 40.208 -1547.62   -1344.94  100.361   s
800   115.78   166.629   102.152 51.581 -1546.75   -1316.05  85.929   s
900   119.675   180.492   110.097 63.356 -1545.77   -1287.27  74.711   s
903   120.34   205.381   110.332 63.715 0   -1286.41  0   s
903   120.34   205.381   110.332 64.384 0   -1286.41  0   s
1000   120.34   205.381   117.854 76.057 0   -1257.96  0   s
1100   120.34   205.381   125.298 88.091 0   -1228.52  0   s
1200   120.34   215.852   132.414 100.125 -1551.46   -1199.13  52.197   s
1258   122.432   235.923   136.393 107.105 0   -1182.86  0   s
1258   122.432   235.923   136.393 108.737 0   -1182.86  0   s
1300   122.432   235.923   139.25 113.879 0   -1169.85  0   s
1400   122.432   235.923   145.836 126.122 0   -1137.52  0   s
1500   122.432   244.37   152.126 138.365 -1674.17   -1099.12  38.275   s
1600   122.432   252.271   158.141 150.609 -1672.38   -1060.84  34.633   s
1700   122.432   259.694   163.899 162.852 -1720.84   -1022.22  31.409   s
1800   122.432   266.692   169.417 175.095 -1718.96   -981.182  28.473   s
1850   146.44   322.172   172.091 181.217 0   -960.64  0   s
1850   146.44   322.172   172.091 256.529 0   -960.64  0   l
1900   146.44   322.172   175.792 263.851 0   -942.295  0   l
2000   146.44   322.172   182.925 278.495 0   -905.65  0   l
2100   146.44   329.317   189.727 293.139 -1632.25   -869.215  21.621   l
2200   146.44   336.129   196.228 307.783 -1628.11   -832.976  19.777   l
2300   146.44   342.639   202.453 322.427 -1624.02   -796.926  18.099   l
2400   146.44   348.871   208.425 337.071 -1619.95   -761.053  16.564   l
2500   146.44   354.849   214.164 351.715 -1615.92   -725.349  15.155   l
2600   146.44   360.593   219.686 366.359 -1611.92   -689.805  13.858   l
2700   146.44   366.12   225.007 381.003 -1607.96   -654.414  12.66   l
2800   146.44   371.445   230.143 395.647 -1604.03   -619.169  11.551   l
2900   146.44   376.584   235.104 410.291 -1600.14   -584.065  10.52   l
3000   146.44   381.549   239.904 424.935 -1596.28   -549.093  9.561   l