N
T	Cp	S	-[G-H(Tr)]/T	H-H(Tr)	delta-fH	delta-fG	logKf
100   20.786   130.593   171.78 -4.119 471.448   466.379  -243.611   g
200   20.786   145.001   155.201 -2.04 472.071   461.07  -120.419   g
250   20.786   149.639   153.642 -1.001 472.383   458.283  -95.753   g
298.15   20.786   153.3   153.3 0 472.683   455.54  -79.809   g
300   20.786   153.429   153.3 0.038 472.694   455.434  -79.298   g
350   20.786   156.633   153.554 1.078 473.005   452.533  -67.537   g
400   20.786   159.408   154.116 2.117 473.314   449.587  -58.71   g
450   20.786   161.857   154.843 3.156 473.621   446.603  -51.84   g
500   20.786   164.047   155.655 4.196 473.923   443.584  -46.341   g
600   20.786   167.836   157.379 6.274 474.51   437.461  -38.084   g
700   20.786   171.041   159.108 8.353 475.067   431.242  -32.18   g
800   20.786   173.816   160.777 10.431 475.591   424.945  -27.746   g
900   20.786   176.264   162.364 12.51 476.081   418.584  -24.294   g
1000   20.786   178.454   163.866 14.589 476.54   412.171  -21.53   g
1100   20.786   180.436   165.284 16.667 476.97   405.713  -19.266   g
1200   20.786   182.244   166.623 18.746 477.374   399.217  -17.377   g
1300   20.786   183.908   167.889 20.824 477.756   392.688  -15.778   g
1400   20.786   185.448   169.089 22.903 478.118   386.131  -14.407   g
1500   20.786   186.882   170.228 24.982 478.462   379.548  -13.217   g
1600   20.786   188.224   171.311 27.06 478.791   372.943  -12.175   g
1700   20.786   189.484   172.344 29.139 479.107   366.318  -11.256   g
1800   20.787   190.672   173.329 31.218 479.411   359.674  -10.437   g
1900   20.788   191.796   174.272 33.296 479.705   353.014  -9.705   g
2000   20.79   192.863   175.175 35.375 479.99   346.339  -9.045   g
2100   20.793   193.877   176.042 37.454 480.266   339.65  -8.448   g
2200   20.797   194.844   176.874 39.534 480.536   332.947  -7.905   g
2300   20.804   195.769   177.676 41.614 480.799   326.233  -7.409   g
2400   20.813   196.655   178.448 43.695 481.057   319.507  -6.954   g
2500   20.826   197.504   179.194 45.777 481.311   312.77  -6.535   g
2600   20.843   198.322   179.914 47.86 481.561   306.024  -6.148   g
2700   20.864   199.109   180.61 49.945 481.809   299.268  -5.79   g
2800   20.891   199.868   181.285 52.033 482.054   292.502  -5.457   g
2900   20.924   200.601   181.938 54.124 482.299   285.728  -5.147   g
3000   20.963   201.311   182.572 56.218 482.543   278.946  -4.857   g
3100   21.01   202   183.188 58.317 482.789   272.155  -4.586   g
3200   21.064   202.667   183.786 60.42 483.036   265.357  -4.332   g
3300   21.126   203.317   184.368 62.53 483.286   258.55  -4.093   g
3400   21.197   203.948   184.935 64.646 483.54   251.736  -3.867   g
3500   21.277   204.564   185.487 66.769 483.799   244.915  -3.655   g
3600   21.365   205.164   186.025 68.902 484.064   238.086  -3.455   g
3700   21.463   205.751   186.55 71.043 484.335   231.249  -3.265   g
3800   21.569   206.325   187.063 73.194 484.614   224.405  -3.085   g
3900   21.685   206.887   187.564 75.357 484.903   217.554  -2.914   g
4000   21.809   207.437   188.054 77.532 485.201   210.695  -2.751   g
4100   21.941   207.977   188.534 79.719 485.51   203.829  -2.597   g
4200   22.082   208.508   189.003 81.92 485.83   196.955  -2.449   g
4300   22.231   209.029   189.463 84.136 486.164   190.073  -2.309   g
4400   22.388   209.542   189.913 86.367 486.51   183.183  -2.175   g
4500   22.551   210.047   190.355 88.614 486.871   176.285  -2.046   g
4600   22.722   210.544   190.788 90.877 487.247   169.379  -1.923   g
4700   22.899   211.035   191.214 93.158 487.638   162.465  -1.806   g
4800   23.081   211.519   191.632 95.457 488.046   155.542  -1.693   g
4900   23.269   211.997   192.043 97.775 488.471   148.61  -1.584   g
5000   23.461   212.469   192.447 100.111 488.912   141.67  -1.48   g
5100   23.658   212.935   192.844 102.467 489.372   134.721  -1.38   g
5200   23.858   213.397   193.235 104.843 489.849   127.762  -1.283   g
5300   24.061   213.853   193.619 107.238 490.345   120.794  -1.19   g
5400   24.266   214.305   193.998 109.655 490.86   113.817  -1.101   g
5500   24.474   214.752   194.371 112.092 491.394   106.829  -1.015   g
5600   24.682   215.195   194.739 114.55 491.947   99.832  -0.931   g
5700   24.892   215.633   195.102 117.028 492.519   92.825  -0.851   g
5800   25.102   216.068   195.46 119.528 493.11   85.808  -0.773   g
5900   25.312   216.499   195.813 122.049 493.72   78.78  -0.697   g
6000   25.521   216.926   196.161 124.59 494.349   71.742  -0.625   g