NaAlSi3O8
T	Cp	S	-[G-H(Tr)]/T	H-H(Tr)	delta-fH	delta-fG	logKf
298.15   205.07   207.4   0 207.4 -3935   -3711.6  650.24   s
300   205.84   208.67   1.27 207.4 -3935   -3710.2  645.98   s
400   239.68   272.86   56.93 215.93 -3939   -3634.8  474.64   s
500   262.58   328.96   95.91 233.05 -3938.6   -3558.7  371.77   s
600   278.77   378.34   125.11 253.23 -3937.1   -3482.9  303.2   s
700   290.66   422.25   147.95 274.3 -3934.7   -3407.4  254.26   s
800   299.66   461.68   166.38 295.3 -3931.9   -3332.2  217.57   s
900   306.68   497.39   181.59 315.8 -3929   -3257.4  189.05   s
1000   312.3   530.01   194.39 335.61 -3936.5   -3182.2  166.22   s
1100   316.95   560   205.33 354.67 -3933.1   -3107  147.53   s
1200   320.92   587.75   214.8 372.95 -4026.3   -3029.6  131.87   s
1300   324.41   613.58   223.1 390.48 -4021.9   -2946.7  118.4   s
1400   327.61   637.74   230.45 407.28 -4017.4   -2864.2  106.86   s