NaOH
T	Cp	S	-[G-H(Tr)]/T	H-H(Tr)	delta-fH	delta-fG	logKf
100   32.864   183.702   267.723 -8.402 -195.428   -197.715  103.276   g
200   43.462   210.04   232.739 -4.54 -196.824   -199.403  52.079   g
250   46.468   220.085   229.23 -2.286 -197.322   -199.989  41.785   g
298.15   48.371   228.443   228.443 0 -197.757   -200.463  35.12   g
300   48.431   228.743   228.444 0.09 -197.773   -200.479  34.907   g
350   49.75   236.314   229.039 2.546 -198.232   -200.895  29.982   g
400   50.669   243.021   230.376 5.058 -201.365   -201.036  26.253   g
450   51.334   249.029   232.12 7.609 -201.866   -200.964  23.327   g
500   51.836   254.465   234.087 10.189 -202.326   -200.839  20.981   g
600   52.566   263.984   238.299 15.411 -203.165   -200.461  17.452   g
700   53.13   272.131   242.564 20.696 -203.928   -199.949  14.92   g
800   53.646   279.259   246.715 26.035 -204.642   -199.332  13.015   g
900   54.158   285.607   250.69 31.426 -205.329   -198.626  11.528   g
1000   54.674   291.34   254.473 36.867 -206.008   -197.845  10.334   g
1100   55.188   296.575   258.066 42.36 -206.697   -196.996  9.355   g
1200   55.69   301.399   261.478 47.904 -304.177   -193.642  8.429   g
1300   56.171   305.875   264.723 53.498 -304.014   -184.438  7.411   g
1400   56.626   310.055   267.814 59.138 -303.842   -175.246  6.539   g
1500   57.051   313.976   270.762 64.822 -303.661   -166.067  5.783   g
1600   57.444   317.671   273.579 70.547 -303.474   -156.9  5.122   g
1700   57.806   321.165   276.277 76.31 -303.282   -147.745  4.54   g
1800   58.138   324.478   278.863 82.107 -303.089   -138.601  4.022   g
1900   58.441   327.63   281.348 87.936 -302.895   -129.468  3.559   g
2000   58.718   330.635   283.738 93.795 -302.703   -120.346  3.143   g
2100   58.971   333.506   286.04 99.679 -302.515   -111.232  2.767   g
2200   59.201   336.255   288.26 105.588 -302.332   -102.128  2.425   g
2300   59.411   338.891   290.405 111.519 -302.157   -93.032  2.113   g
2400   59.603   341.424   292.478 117.47 -301.99   -83.943  1.827   g
2500   59.779   343.86   294.485 123.439 -301.834   -74.861  1.564   g
2600   59.939   346.208   296.429 129.425 -301.689   -65.785  1.322   g
2700   60.086   348.473   298.315 135.426 -301.559   -56.714  1.097   g
2800   60.221   350.661   300.146 141.442 -301.444   -47.648  0.889   g
2900   60.345   352.776   301.924 147.47 -301.346   -38.586  0.695   g
3000   60.459   354.824   303.654 153.51 -301.266   -29.526  0.514   g
3100   60.564   356.808   305.336 159.561 -301.207   -20.469  0.345   g
3200   60.661   358.732   306.975 165.623 -301.171   -11.414  0.186   g
3300   60.751   360.6   308.572 171.693 -301.157   -2.36  0.037   g
3400   60.834   362.415   310.129 177.773 -301.17   6.695  -0.103   g
3500   60.911   364.18   311.648 183.86 -301.211   15.75  -0.235   g
3600   60.983   365.897   313.131 189.955 -301.281   24.807  -0.36   g
3700   61.049   367.568   314.58 196.056 -301.383   33.867  -0.478   g
3800   61.111   369.197   315.996 202.164 -301.52   42.93  -0.59   g
3900   61.169   370.785   317.381 208.278 -301.693   51.996  -0.696   g
4000   61.223   372.335   318.735 214.398 -301.905   61.068  -0.797   g
4100   61.274   373.847   320.061 220.523 -302.159   70.145  -0.894   g
4200   61.321   375.324   321.359 226.653 -302.454   79.229  -0.985   g
4300   61.365   376.768   322.631 232.787 -302.798   88.321  -1.073   g
4400   61.407   378.179   323.878 238.926 -303.15   97.417  -1.156   g
4500   61.446   379.559   325.1 245.068 -303.574   106.525  -1.237   g
4600   61.483   380.91   326.298 251.215 -304.058   115.643  -1.313   g
4700   61.518   382.233   327.475 257.365 -304.597   124.773  -1.387   g
4800   61.55   383.529   328.629 263.518 -305.195   133.915  -1.457   g
4900   61.581   384.798   329.762 269.675 -305.853   143.07  -1.525   g
5000   61.61   386.042   330.875 275.834 -306.567   152.238  -1.59   g
5100   61.638   387.263   331.969 281.997 -307.354   161.422  -1.653   g
5200   61.664   388.46   333.044 288.162 -308.209   170.622  -1.714   g
5300   61.689   389.635   334.101 294.33 -309.137   179.839  -1.772   g
5400   61.712   390.788   335.14 300.5 -310.138   189.074  -1.829   g
5500   61.735   391.921   336.162 306.672 -311.217   198.328  -1.884   g
5600   61.756   393.033   337.168 312.847 -312.375   207.604  -1.936   g
5700   61.776   394.126   338.157 319.023 -313.616   216.9  -1.988   g
5800   61.795   395.201   339.132 325.202 -314.94   226.219  -2.037   g
5900   61.813   396.257   340.091 331.382 -316.352   235.56  -2.085   g
6000   61.831   397.296   341.036 337.564 -317.694   244.909  -2.132   g