Si
T	Cp	S	-[G-H(Tr)]/T	H-H(Tr)	delta-fH	delta-fG	logKf
100   28.022   140.886   188.98 -4.809 448.142   434.437  -226.927   g
200   23.796   158.817   170.054 -2.247 449.526   420.095  -109.718   g
250   22.821   164.013   168.349 -1.084 449.839   412.697  -86.228   g
298.15   22.251   167.98   167.98 0 450   405.528  -71.047   g
300   22.234   168.117   167.98 0.041 450.004   405.252  -70.561   g
350   21.861   171.515   168.249 1.143 450.071   397.787  -59.366   g
400   21.613   174.417   168.843 2.229 450.071   390.317  -50.97   g
450   21.44   176.952   169.606 3.305 450.023   382.85  -44.44   g
500   21.316   179.204   170.456 4.374 449.938   375.391  -39.217   g
600   21.153   183.075   172.246 6.497 449.684   360.504  -31.385   g
700   21.057   186.328   174.032 8.607 449.347   345.666  -25.794   g
800   21   189.135   175.748 10.71 448.94   330.881  -21.604   g
900   20.971   191.607   177.376 12.808 448.476   316.151  -18.349   g
1000   20.968   193.816   178.911 14.905 447.962   301.476  -15.747   g
1100   20.989   195.815   180.358 17.002 447.404   286.854  -13.622   g
1200   21.033   197.643   181.724 19.103 446.806   272.284  -11.852   g
1300   21.099   199.329   183.014 21.21 446.172   257.766  -10.357   g
1400   21.183   200.896   184.236 23.323 445.504   243.298  -9.078   g
1500   21.282   202.36   185.396 25.447 444.803   228.879  -7.97   g
1600   21.394   203.737   186.5 27.58 444.07   214.508  -7.003   g
1700   21.513   205.038   187.552 29.726 393.131   200.631  -6.165   g
1800   21.638   206.271   188.558 31.883 392.569   189.323  -5.494   g
1900   21.764   207.444   189.522 34.053 392.019   178.047  -4.895   g
2000   21.889   208.564   190.446 36.236 391.482   166.799  -4.356   g
2100   22.011   209.635   191.334 38.431 390.958   155.578  -3.87   g
2200   22.129   210.662   192.19 40.638 390.445   144.382  -3.428   g
2300   22.241   211.648   193.014 42.857 389.944   133.208  -3.025   g
2400   22.346   212.597   193.811 45.086 389.454   122.056  -2.656   g
2500   22.444   213.511   194.581 47.326 388.974   110.924  -2.318   g
2600   22.535   214.393   195.326 49.575 388.503   99.812  -2.005   g
2700   22.617   215.245   196.048 51.832 388.041   88.717  -1.716   g
2800   22.692   216.069   196.748 54.098 387.587   77.639  -1.448   g
2900   22.759   216.866   197.428 56.37 387.14   66.578  -1.199   g
3000   22.819   217.639   198.089 58.649 386.7   55.531  -0.967   g
3100   22.872   218.388   198.732 60.934 386.265   44.5  -0.75   g
3200   22.918   219.115   199.358 63.223 385.835   33.482  -0.547   g
3300   22.958   219.821   199.967 65.517 385.409   22.477  -0.356   g
3400   22.993   220.507   200.561 67.815 384.987   11.486  -0.176   g
3500   23.022   221.174   201.141 70.116 384.568   0.507  -0.008   g