SiO2
T	Cp	S	-[G-H(Tr)]/T	H-H(Tr)	delta-fH	delta-fG	logKf
100   15.686   9.694   72.496 -6.28 -908.406   -891.662  465.756   s
200   32.639   26.087   45.187 -3.82 -910.036   -874.223  228.324   s
298.15   44.589   41.463   41.463 0 -910.857   -856.443  150.045   s
300   44.769   41.74   41.464 0.083 -910.866   -856.106  149.061   s
400   53.43   55.874   43.333 5.017 -911.024   -837.812  109.407   s
500   59.643   68.499   47.127 10.686 -910.692   -819.539  85.617   s
600   64.417   79.808   51.648 16.896 -910.017   -801.368  69.765   s
700   68.768   90.063   56.414 23.554 -909.062   -783.331  58.453   s
800   73.701   99.555   61.22 30.668 -907.794   -765.452  49.979   s
847   68.952   116.018   63.467 34.196 0   -757.061  0   s
847   68.952   116.018   63.467 34.924 0   -757.061  0   s
900   68.952   116.018   66.017 38.512 0   -747.785  0   s
1000   68.952   116.018   70.662 45.357 0   -730.256  0   s
1100   69.956   122.637   75.09 52.302 -904.365   -712.805  33.848   s
1200   70.961   128.767   79.311 59.348 -903.567   -695.426  30.271   s
1300   71.965   134.487   83.338 66.494 -902.744   -678.114  27.247   s
1400   72.969   139.857   87.185 73.741 -901.893   -660.866  24.657   s
1500   73.973   144.925   90.867 81.088 -901.011   -643.681  22.415   s
1600   74.977   149.731   94.397 88.535 -900.097   -626.555  20.455   s
1696   85.772   163.759   97.654 95.779 0   -609.85  0   s
1696   85.772   163.759   97.654 103.456 0   -609.85  0   l
1700   85.772   163.759   97.798 103.799 0   -609.059  0   l
1800   85.772   163.759   101.328 112.377 0   -589.559  0   l
1900   85.772   168.397   104.737 120.954 -937.35   -570.178  15.675   l
2000   85.772   172.796   108.031 129.531 -935.255   -550.907  14.388   l
2100   85.772   176.981   111.215 138.108 -933.183   -531.741  13.226   l
2200   85.772   180.971   114.296 146.685 -931.133   -512.672  12.172   l
2300   85.772   184.784   117.278 155.263 -929.106   -493.697  11.212   l
2400   85.772   188.434   120.168 163.84 -927.102   -474.809  10.334   l
2500   85.772   191.936   122.969 172.417 -925.119   -456.004  9.528   l
2600   85.772   195.3   125.687 180.994 -923.158   -437.279  8.785   l
2700   85.772   198.537   128.325 189.571 -921.217   -418.628  8.099   l
2800   85.772   201.656   130.889 198.149 -919.297   -400.048  7.463   l
2900   85.772   204.666   133.381 206.726 -917.397   -381.538  6.872   l
3000   85.772   207.574   135.806 215.303 -915.517   -363.092  6.322   l
3100   85.772   210.386   138.167 223.88 -913.655   -344.708  5.808   l
3200   85.772   213.109   140.466 232.457 -911.811   -326.385  5.328   l
3300   85.772   215.749   142.708 241.035 -909.985   -308.119  4.877   l
3400   85.772   218.309   144.894 249.612 -908.175   -289.907  4.454   l
3500   85.772   220.796   147.027 258.189 -906.381   -271.749  4.056   l
3600   85.772   223.212   149.11 266.766 -1288.75   -243.181  3.528   l
3700   85.772   225.562   151.145 275.343 -1286.58   -214.168  3.024   l
3800   85.772   227.849   153.133 283.921 -1284.42   -185.212  2.546   l
3900   85.772   230.077   155.078 292.498 -1282.27   -156.313  2.094   l
4000   85.772   232.249   156.98 301.075 -1280.14   -127.47  1.665   l
4100   85.772   234.367   158.842 309.652 -1278.02   -98.68  1.257   l
4200   85.772   236.434   160.665 318.229 -1275.91   -69.941  0.87   l
4300   85.772   238.452   162.45 326.807 -1273.82   -41.252  0.501   l
4400   85.772   240.424   164.2 335.384 -1271.74   -12.612  0.15   l
4500   85.772   242.351   165.916 343.961 -1269.67   15.981  -0.186   l